,human,mouse,zebrafish,frog,shark,lamprey
human,0.000,0.150,0.430,0.480,0.520,0.800
mouse,0.150,0.000,0.440,0.490,0.530,0.810
zebrafish,0.430,0.440,0.000,0.390,0.460,0.780
frog,0.480,0.490,0.390,0.000,0.450,0.790
shark,0.520,0.530,0.460,0.450,0.000,0.750
lamprey,0.800,0.810,0.780,0.790,0.750,0.000
