,A1,B,C,D,AE,G
A1,0.000,0.150,0.130,0.120,0.135,0.160
B,0.150,0.000,0.155,0.145,0.140,0.155
C,0.130,0.155,0.000,0.125,0.130,0.150
D,0.120,0.145,0.125,0.000,0.128,0.152
AE,0.135,0.140,0.130,0.128,0.000,0.148
G,0.160,0.155,0.150,0.152,0.148,0.000
